time,accel_z
1678122823.755844,1915
1678122823.755954,1926
1678122823.7560189,1935
1678122823.7560582,1950
1678122823.7561548,1962
1678122823.7644072,1973
1678122823.764422,1984
1678122823.7645068,1997
1678122823.77422,9
1678122823.775139,22
1678122823.776407,33
1678122823.776721,45
1678122823.797246,55
1678122823.7972732,68
1678122823.7973251,83
1678122823.797346,97
1678122823.797457,112
1678122823.7974951,125
1678122823.809504,136
1678122823.8095229,151
1678122823.8095412,165
1678122823.809639,169
1678122823.809678,194
1678122823.809717,232
1678122823.811499,261
1678122823.823696,272
1678122823.82372,267
1678122823.823824,252
1678122823.824836,233
1678122823.824903,212
1678122823.8255901,191
1678122823.834205,167
1678122823.83441,145
1678122823.834433,122
1678122823.834527,93
1678122823.8345459,60
1678122823.8353431,22
1678122823.845313,1985
1678122823.8453372,1939
1678122823.845449,1901
1678122823.8457139,1862
1678122823.854559,1824
1678122823.854578,1777
1678122823.854649,1755
1678122823.8548758,1739
1678122823.863414,1720
1678122823.8636181,1711
1678122823.863709,1704
1678122823.8814988,1703
1678122823.88916,1701
1678122823.889919,1703
1678122823.889935,1707
1678122823.8899531,1718
1678122823.890678,1729
1678122823.890877,1740
1678122823.904156,1762
1678122823.904803,1786
1678122823.904983,1748
1678122823.9077,1733
1678122823.907812,1738
1678122823.908149,1751
1678122823.908803,1777
1678122823.9107552,1817
1678122823.912721,1859
1678122823.912794,1899
1678122823.922783,1927
1678122823.9228742,1962
1678122823.923761,1984
1678122823.924501,5
1678122823.9245791,25
1678122823.924714,40
1678122823.925608,54
1678122823.933818,65
1678122823.933887,88
1678122823.933994,101
1678122823.9348469,114
1678122823.935651,127
1678122823.9500659,145
1678122823.950371,177
1678122823.9503949,196
1678122823.950737,220
1678122823.961766,241
1678122823.961859,263
1678122823.961878,278
1678122823.963608,315
1678122823.963634,361
1678122823.963969,393
1678122823.9650052,412
1678122823.973662,419
1678122823.9747698,407
1678122823.974911,387
1678122823.975944,360
1678122823.9776819,326
1678122823.990117,287
1678122823.990793,235
1678122823.991096,193
1678122823.991837,144
1678122823.9925408,95
1678122823.997787,44
1678122824.008062,1998
1678122824.008608,1935
1678122824.008627,1893
1678122824.00864,1852
1678122824.0086558,1813
1678122824.008723,1778
1678122824.0176718,1749
1678122824.019495,1712
1678122824.0195851,1693
1678122824.0196521,1676
1678122824.019758,1662
1678122824.019846,1655
1678122824.029734,1656
1678122824.029859,1676
1678122824.030655,1696
1678122824.030674,1673
1678122824.041584,1643
1678122824.041665,1633
1678122824.041682,1639
1678122824.041748,1659
1678122824.0417979,1690
1678122824.052832,1734
1678122824.052848,1782
1678122824.05286,1824
1678122824.052876,1863
1678122824.0616589,1901
1678122824.063454,1950
1678122824.063573,1986
1678122824.063735,17
1678122824.064642,47
1678122824.072777,75
1678122824.073823,104
1678122824.074628,125
1678122824.074754,145
1678122824.0749261,162
1678122824.08446,183
1678122824.085718,198
1678122824.085866,207
1678122824.086695,212
1678122824.100705,219
1678122824.100734,224
1678122824.100832,229
1678122824.1025789,233
1678122824.102782,237
1678122824.10385,243
1678122824.1135669,256
1678122824.113667,274
1678122824.113754,295
1678122824.113827,346
1678122824.115703,395
1678122824.124613,432
1678122824.124728,462
1678122824.124813,466
1678122824.1248372,463
1678122824.125961,453
1678122824.134676,434
1678122824.134701,401
1678122824.134795,368
1678122824.1364,333
1678122824.145395,290
1678122824.145586,239
1678122824.1458628,186
1678122824.145886,128
1678122824.1583612,71
1678122824.158417,1977
1678122824.158444,1920
1678122824.1586392,1865
1678122824.1588328,1811
1678122824.1667998,1762
1678122824.166872,1710
1678122824.16689,1672
1678122824.169586,1649
1678122824.177635,1640
1678122824.177778,1636
1678122824.177801,1634
1678122824.177889,1630
1678122824.19604,1629
1678122824.200473,1625
1678122824.201727,1627
1678122824.2026172,1639
1678122824.202802,1654
1678122824.214894,1671
1678122824.214912,1723
1678122824.2149289,1750
1678122824.215683,1719
1678122824.215761,1717
1678122824.216458,1729
1678122824.2165601,1755
1678122824.2167308,1796
1678122824.217016,1851
1678122824.217538,1912
1678122824.227468,1962
1678122824.229356,19
1678122824.2294312,56
1678122824.229449,95
1678122824.229563,129
1678122824.240505,160
1678122824.2406049,201
1678122824.2407029,218
1678122824.240962,236
1678122824.240988,248
1678122824.241612,256
1678122824.252665,267
1678122824.252845,278
1678122824.252964,289
1678122824.254625,301
1678122824.2673779,305
1678122824.2728598,291
1678122824.274378,310
1678122824.274455,343
1678122824.274674,364
1678122824.283524,376
1678122824.286502,375
1678122824.286706,370
1678122824.286832,360
1678122824.286844,348
1678122824.28686,331
1678122824.288666,312
1678122824.295598,289
1678122824.2957451,250
1678122824.2959518,211
1678122824.2967281,167
1678122824.2978282,119
1678122824.3066711,70
1678122824.3075268,1986
1678122824.3075469,1939
1678122824.30794,1890
1678122824.318763,1842
1678122824.318785,1797
1678122824.318961,1759
1678122824.3197708,1729
1678122824.320388,1704
1678122824.328971,1684
1678122824.3356411,1657
1678122824.3366358,1643
1678122824.336791,1629
1678122824.347683,1619
1678122824.347758,1612
1678122824.347808,1612
1678122824.347889,1617
1678122824.348764,1629
1678122824.3489358,1651
1678122824.349683,1673
1678122824.3614872,1705
1678122824.361581,1738
1678122824.36161,1784
1678122824.361818,1817
1678122824.3619041,1808
1678122824.3619561,1822
1678122824.362637,1851
1678122824.382984,1885
1678122824.383713,1954
1678122824.383733,10
1678122824.38378,58
1678122824.383796,95
1678122824.384038,131
1678122824.386134,163
1678122824.392957,190
1678122824.393039,208
1678122824.3930519,219
1678122824.3930628,227
1678122824.393074,233
1678122824.393088,239
1678122824.402752,247
1678122824.4027781,249
1678122824.4029078,231
1678122824.412523,237
1678122824.412586,290
1678122824.412609,311
1678122824.413779,322
1678122824.420741,322
1678122824.420831,311
1678122824.42207,297
1678122824.432715,279
1678122824.432822,241
1678122824.433971,220
1678122824.4350872,191
1678122824.4437408,159
1678122824.443767,114
1678122824.4457002,69
1678122824.4458392,21
1678122824.446982,1970
1678122824.4560032,1922
1678122824.456894,1836
1678122824.4577081,1798
1678122824.45798,1765
1678122824.465764,1731
1678122824.474672,1702
1678122824.4747462,1671
1678122824.474814,1650
1678122824.475008,1634
1678122824.4758132,1624
1678122824.4758458,1616
1678122824.476796,1614
1678122824.477319,1613
1678122824.4899452,1615
1678122824.496544,1637
1678122824.496608,1661
1678122824.496629,1690
1678122824.496789,1728
1678122824.4977212,1780
1678122824.506801,1820
1678122824.506816,1817
1678122824.506834,1839
1678122824.506903,1867
1678122824.506915,1911
1678122824.5069308,1959
1678122824.507977,26
1678122824.5185778,83
1678122824.5186,133
1678122824.518629,178
1678122824.5188081,218
1678122824.519511,250
1678122824.530428,276
1678122824.5305028,295
1678122824.530522,304
1678122824.530764,314
1678122824.539049,322
1678122824.540867,332
1678122824.541624,338
1678122824.54179,324
1678122824.551571,337
1678122824.551606,387
1678122824.5517068,404
1678122824.551734,409
1678122824.5528471,400
1678122824.56147,387
1678122824.5618172,367
1678122824.5626519,345
1678122824.562778,319
1678122824.575496,297
1678122824.575603,260
1678122824.575625,227
1678122824.5756958,189
1678122824.586872,124
1678122824.586894,77
1678122824.599628,27
1678122824.599693,1983
1678122824.599767,1941
1678122824.599794,1901
1678122824.6118798,1859
1678122824.6119108,1823
1678122824.612911,1800
1678122824.613518,1780
1678122824.613664,1763
1678122824.614727,1747
1678122824.6148689,1735
1678122824.615618,1724
1678122824.615843,1716
1678122824.6166458,1710
1678122824.629726,1712
1678122824.6297998,1716
1678122824.629867,1726
1678122824.63073,1739
1678122824.63081,1756
1678122824.63148,1778
1678122824.639478,1809
1678122824.6396239,1850
1678122824.639691,1884
1678122824.6397572,1917
1678122824.6419258,1950
1678122824.6428869,1982
1678122824.650945,13
1678122824.650961,48
1678122824.650976,73
1678122824.651648,104
1678122824.652401,134
1678122824.66118,169
1678122824.661431,199
1678122824.6618712,221
1678122824.670882,238
1678122824.672826,250
1678122824.672891,243
1678122824.673905,247
1678122824.6843781,258
1678122824.6865358,260
1678122824.693758,251
1678122824.6939101,243
1678122824.694966,234
1678122824.710389,225
1678122824.710418,213
1678122824.710521,204
1678122824.710686,196
1678122824.710709,185
1678122824.7108312,175
1678122824.710851,159
1678122824.7110322,138
1678122824.7120361,114
1678122824.725471,86
1678122824.725609,51
1678122824.725678,17
1678122824.7257411,1981
1678122824.7258189,1946
1678122824.726757,1919
1678122824.740078,1888
1678122824.7409868,1859
1678122824.7417989,1847
1678122824.741837,1841
1678122824.74271,1834
1678122824.742738,1826
1678122824.743198,1819
